128 2 0 14 0 3 12 16 0 5 7 10 3 3 5 0 12 8 12 0 3 2 5 10 0 2
1 138 0 26 22 12 17 30 7 10 5 5 1 0 24 3 20 55 47 5 0 7 8 9 0 5
0 0 80 0 32 0 31 1 0 0 13 3 0 0 4 0 0 0 0 0 10 0 0 0 0 0
0 0 0 34 0 0 0 7 0 0 0 0 0 3 4 0 2 0 0 0 0 0 0 0 0 0
0 0 3 0 20 0 0 0 0 0 22 1 0 0 0 0 0 0 1 0 0 0 0 1 0 2
0 0 2 0 0 27 0 0 0 0 0 0 0 0 0 0 0 0 0 1 0 4 0 0 0 0
0 6 19 0 22 1 63 8 1 0 27 3 0 0 32 4 19 3 1 6 3 0 0 1 0 0
0 0 0 0 0 0 0 6 0 0 0 0 0 0 12 0 1 0 0 0 0 0 0 0 0 0
0 1 0 4 8 2 0 1 113 19 3 0 0 0 0 0 0 0 4 2 1 0 0 12 0 1
0 0 0 1 0 0 0 2 1 102 0 0 0 0 2 0 2 0 1 0 1 0 0 0 0 0
0 0 0 0 0 0 0 0 0 0 1 0 0 0 0 0 0 1 0 0 0 0 0 0 0 0
0 0 2 3 2 0 7 1 2 0 10 124 0 5 5 1 4 5 2 0 7 0 0 15 0 0
4 5 1 11 0 0 2 16 0 1 12 0 133 23 6 0 1 7 0 0 10 3 17 0 0 0
0 0 0 0 0 0 0 24 0 0 0 0 2 79 4 0 0 0 0 0 3 0 1 0 0 0
0 0 0 0 0 0 0 0 0 0 0 0 0 0 3 0 0 0 0 0 0 0 0 0 0 0
0 8 1 57 0 111 0 3 4 9 0 0 0 22 47 143 0 9 2 21 0 9 0 1 3 0
0 2 0 0 7 0 12 0 0 0 0 2 0 0 0 0 76 1 1 0 1 3 0 1 6 0
0 1 0 1 1 1 1 6 0 0 8 2 1 2 2 0 0 63 1 1 0 0 3 0 0 0
5 4 0 1 6 3 3 0 1 3 0 1 0 0 0 0 5 0 26 1 0 0 0 8 0 13
0 0 1 0 2 13 0 0 0 0 1 0 0 0 0 1 0 0 0 49 0 1 0 2 13 0
2 0 0 0 2 0 0 5 0 0 6 0 0 0 17 0 2 0 0 2 105 0 0 1 1 0
0 0 0 0 0 0 0 0 0 0 0 0 0 5 0 0 0 0 1 0 0 16 0 0 0 0
0 0 4 0 0 1 0 1 0 0 3 0 4 9 3 0 0 1 0 0 1 1 125 0 0 0
0 0 0 0 0 0 0 1 0 0 5 0 0 0 0 0 0 0 0 0 0 0 0 11 0 1
11 1 0 2 1 11 0 11 10 3 6 3 0 11 0 4 11 4 11 67 13 119 4 36 140 0
0 1 0 1 30 0 0 0 0 0 0 0 0 0 0 0 2 0 42 6 0 0 0 40 0 131
