127 0 0 2 0 0 2 2 1 2 0 0 2 0 0 0 5 0 2 0 0 0 0 0 0 2
0 125 1 10 12 7 16 18 3 3 3 4 1 0 2 2 7 42 25 3 0 4 10 8 0 0
0 0 80 0 8 0 35 2 0 0 13 1 0 0 2 0 0 0 1 0 3 0 0 0 0 0
4 0 1 86 0 0 1 17 0 6 0 0 0 9 30 0 0 5 0 0 0 0 0 0 0 0
0 1 4 0 59 0 14 5 0 0 23 6 0 0 0 0 2 2 0 2 0 0 0 7 0 3
0 0 0 0 0 30 0 0 0 0 0 0 0 0 0 1 0 0 0 3 0 1 0 0 0 2
0 0 0 0 0 0 0 0 0 0 0 0 0 0 0 0 0 0 0 0 0 0 0 0 0 0
0 0 0 0 0 0 0 0 0 0 0 0 0 0 3 0 0 0 0 0 0 0 0 0 0 0
0 6 2 21 28 15 0 12 120 35 1 3 0 0 7 0 0 2 23 14 2 0 0 54 0 3
0 0 0 0 0 0 0 0 0 86 0 1 0 0 1 0 0 0 0 0 0 0 0 0 0 0
0 1 4 0 0 0 1 3 0 0 58 0 1 1 0 0 0 8 0 0 3 0 0 0 0 0
1 0 0 4 2 0 7 5 2 1 4 123 0 2 2 0 5 4 5 0 3 0 0 2 0 0
4 1 0 1 0 0 0 2 0 0 2 0 133 1 2 0 0 2 0 0 4 1 5 0 0 0
0 0 0 2 0 0 0 41 0 0 5 0 0 104 17 0 0 0 0 1 11 0 5 0 0 0
0 0 0 0 0 0 0 0 0 0 0 0 0 0 0 0 0 0 0 0 0 0 0 0 0 0
1 16 1 18 3 115 3 4 3 10 1 0 0 18 23 143 0 10 6 17 0 9 2 1 4 3
5 15 17 3 19 0 69 16 4 0 4 11 0 0 73 4 127 9 10 8 11 13 4 18 10 4
0 3 0 5 0 0 0 6 0 0 9 3 1 1 1 1 0 70 1 0 0 0 1 1 0 0
0 0 0 0 0 0 0 0 0 0 0 0 0 0 0 0 0 0 0 0 0 0 0 0 0 0
0 0 0 0 0 4 0 0 0 0 0 0 0 0 0 1 0 0 0 25 0 0 0 0 0 0
0 0 2 0 1 0 0 4 0 0 1 0 0 0 1 0 0 0 0 0 116 0 1 7 2 0
0 0 0 0 0 0 0 0 0 0 0 0 0 0 0 0 0 0 0 2 0 40 0 0 0 0
1 0 1 0 0 0 0 0 0 0 1 0 6 17 6 0 0 1 0 0 3 3 135 0 0 0
0 0 0 0 0 0 0 0 0 0 1 0 0 0 0 0 0 1 0 0 0 0 0 2 0 0
7 1 0 0 0 12 0 2 1 0 2 2 0 9 0 4 1 1 5 77 2 94 0 8 147 0
1 0 0 3 23 2 0 0 5 9 1 0 0 0 0 0 10 0 74 9 0 0 0 40 0 138
