128 0 0 4 0 0 4 3 1 3 0 3 1 1 1 0 2 0 6 0 0 0 0 0 0 1
1 79 0 3 12 1 11 0 1 1 0 0 0 0 2 0 0 2 20 0 0 0 0 2 0 0
0 0 67 0 6 0 17 0 0 0 8 1 0 0 0 0 0 0 0 0 0 0 0 0 0 0
0 0 0 35 0 0 0 2 0 0 0 2 0 0 3 0 0 0 0 0 0 0 0 0 0 0
0 0 0 0 0 0 0 0 0 0 0 0 0 0 0 0 0 0 0 0 0 0 0 0 0 0
0 0 0 0 0 3 0 0 0 0 0 0 0 0 0 0 0 0 0 0 0 0 0 0 0 0
0 0 0 0 0 0 0 0 0 0 0 0 0 0 0 0 0 0 0 0 0 0 0 0 0 0
0 0 1 12 0 0 0 55 0 0 0 0 0 66 22 1 1 2 0 0 0 0 0 0 0 0
0 1 0 0 8 2 0 0 119 12 0 0 0 0 0 0 1 0 10 0 0 0 0 4 0 1
0 0 0 3 0 0 0 0 0 112 0 3 0 0 1 0 0 0 0 2 0 0 0 0 0 1
0 0 1 0 0 0 0 0 0 0 4 0 0 1 0 0 0 0 0 0 0 0 0 0 0 0
0 0 0 0 0 0 0 0 0 0 0 119 0 0 0 0 0 0 1 0 0 0 0 0 0 0
4 0 0 2 0 0 0 2 0 0 1 0 134 5 2 0 0 1 0 0 7 1 4 0 0 0
0 0 0 0 0 0 0 0 0 0 0 0 0 32 0 0 0 0 0 0 1 0 0 0 0 0
0 0 0 0 0 0 0 0 0 0 0 0 0 0 0 0 0 0 0 0 0 0 0 0 0 0
0 13 4 23 0 143 1 3 3 8 0 0 0 1 10 141 0 4 2 8 0 3 0 0 6 3
0 0 1 0 1 0 0 0 0 0 2 0 0 0 1 0 22 1 0 0 0 0 0 0 0 0
2 62 3 72 37 5 21 38 1 5 64 6 1 2 34 0 21 136 21 0 0 0 3 36 0 7
5 1 0 0 25 6 9 0 9 10 1 5 0 0 0 0 7 0 67 9 0 0 0 36 3 27
0 0 0 0 0 6 0 0 0 0 0 0 0 0 0 0 0 0 1 81 0 0 0 0 21 0
0 0 0 0 0 0 0 5 0 0 0 0 0 0 0 0 0 0 0 0 78 0 0 0 0 0
0 0 0 0 0 0 1 0 0 0 0 0 0 2 2 2 4 0 0 0 0 117 6 0 31 0
0 0 0 0 0 3 0 0 0 0 0 0 6 35 2 0 0 0 0 0 2 4 134 0 0 0
0 0 0 0 1 0 0 0 0 0 8 0 0 0 0 0 0 0 0 0 0 0 0 4 0 0
11 13 36 1 39 16 84 31 5 1 41 15 2 17 90 12 97 11 17 61 70 40 16 65 102 2
0 0 0 0 26 0 0 0 0 0 0 0 0 0 0 0 2 0 7 0 0 0 0 1 0 113
