86 3 0 11 0 0 5 2 28 46 0 23 6 0 10 0 2 1 8 0 0 0 0 0 0 0
0 25 0 0 0 0 1 2 0 0 0 0 1 0 0 0 3 18 9 0 0 0 0 0 0 0
0 11 15 0 43 0 10 11 0 0 23 34 0 0 0 0 1 8 4 26 15 6 8 23 21 30
24 52 4 44 16 23 21 24 19 19 15 39 14 29 33 26 43 40 58 6 24 14 6 61 13 18
0 0 2 1 0 7 0 3 8 0 0 2 0 0 4 3 0 4 0 28 4 9 0 1 0 0
2 3 11 0 3 80 0 5 0 0 5 0 3 18 5 47 2 0 3 42 34 102 93 6 83 0
0 2 1 0 0 0 1 3 0 0 2 0 9 1 7 0 0 3 0 0 3 1 8 0 0 0
0 0 5 0 3 9 6 0 11 17 7 0 8 9 3 5 0 0 2 2 6 8 2 2 2 0
13 0 24 0 4 0 23 0 0 0 32 1 8 8 8 0 37 3 0 0 0 12 21 3 9 0
14 22 0 16 17 0 32 3 27 49 1 20 0 0 16 0 23 21 22 0 0 0 0 6 0 13
0 0 6 0 1 0 7 0 0 0 0 0 0 0 0 0 0 0 0 0 0 0 0 0 0 0
3 5 2 0 1 7 1 0 1 3 1 0 0 0 3 16 0 2 1 8 0 0 0 0 0 2
2 0 5 11 1 0 2 12 0 1 5 2 26 7 36 0 10 2 1 0 2 2 4 2 0 0
0 0 0 0 0 0 0 0 0 0 0 0 0 0 0 0 0 0 1 4 2 0 0 1 8 0
0 0 0 0 0 0 0 0 0 0 0 0 4 0 0 0 0 0 0 0 0 0 4 0 0 0
0 1 1 64 0 43 0 48 1 0 0 0 40 76 34 47 0 1 1 27 58 0 4 0 4 0
3 14 0 1 1 2 4 8 8 1 5 0 16 2 4 3 18 30 5 0 0 0 5 14 11 2
3 16 4 7 20 8 15 16 3 9 18 9 4 9 2 1 4 10 27 15 4 7 8 24 9 79
0 7 2 0 2 0 1 0 0 0 2 1 0 0 0 0 1 0 6 0 0 0 0 0 0 1
0 0 28 0 25 2 15 1 0 0 6 14 5 3 4 1 1 5 1 1 5 1 0 2 0 2
0 0 0 0 0 0 0 0 0 0 0 0 0 0 0 0 0 0 0 0 0 0 0 1 0 0
0 0 0 0 0 0 0 0 0 0 0 0 0 0 0 0 0 0 0 0 0 0 0 0 0 0
0 0 0 0 0 0 0 0 0 0 0 0 0 0 0 0 0 0 0 0 0 0 0 0 0 0
0 8 1 0 14 1 1 1 23 6 5 9 0 0 0 5 2 2 3 0 0 0 0 2 0 8
1 0 2 0 4 3 3 0 0 1 2 0 0 0 1 2 10 7 0 2 1 3 0 0 3 0
0 0 0 0 0 0 0 0 10 0 0 0 0 0 0 0 0 0 0 0 0 0 0 0 0 0
