129 0 1 4 0 0 4 10 1 15 8 45 22 12 4 0 9 0 10 0 4 0 3 0 0 6
0 1 0 0 0 0 0 1 0 0 0 0 1 0 0 0 0 2 7 0 0 0 0 1 0 2
0 0 73 0 38 0 37 2 1 0 4 1 0 3 2 0 0 0 4 0 11 0 0 1 0 3
0 26 0 60 6 0 2 11 0 1 0 0 0 5 28 0 6 1 23 0 0 0 0 8 0 50
0 0 0 0 2 0 0 0 0 0 0 1 0 0 0 0 0 0 0 2 1 0 0 1 0 2
0 0 0 0 0 6 0 0 0 1 0 0 0 0 0 0 0 0 0 5 0 0 0 0 2 0
0 0 12 0 32 1 66 6 1 0 31 10 0 0 6 1 61 33 9 3 0 0 0 33 0 4
0 0 0 0 0 0 0 21 0 0 0 0 0 0 0 0 0 0 0 0 0 0 0 0 0 0
0 15 0 47 40 3 3 24 107 18 21 2 12 11 11 0 10 33 17 1 2 2 0 36 0 28
0 0 0 1 0 0 0 0 9 86 0 3 0 0 0 0 1 0 3 1 0 0 0 1 0 3
0 0 1 0 0 0 0 0 0 0 4 1 2 0 0 0 0 3 0 0 3 0 0 0 0 0
2 0 0 0 0 0 3 0 1 0 16 83 4 2 5 0 5 0 0 0 5 0 0 1 0 0
1 2 2 4 2 0 3 8 0 0 9 2 84 5 6 0 1 11 0 3 15 4 16 1 4 0
0 0 0 0 0 0 0 3 0 0 0 0 0 40 0 0 0 0 0 0 0 0 0 0 0 0
0 0 0 0 0 0 0 0 0 0 0 0 0 0 0 0 0 0 0 0 0 0 0 0 0 0
15 118 4 39 20 156 24 43 19 30 6 3 3 57 93 155 32 68 75 67 8 29 23 38 58 30
0 0 0 0 0 0 0 0 0 0 0 0 0 0 0 0 6 0 2 0 0 0 0 0 0 0
0 0 0 0 0 0 0 0 0 0 0 0 0 0 0 0 0 0 0 0 0 0 0 0 0 0
0 0 0 0 0 0 0 0 0 0 0 0 0 0 0 0 0 0 0 0 0 0 0 0 0 0
0 0 11 0 9 13 0 0 0 0 1 1 0 0 0 0 0 0 1 73 16 1 0 4 30 2
0 0 0 0 1 0 1 5 0 0 0 0 0 0 12 0 3 0 0 1 79 0 0 0 0 2
0 0 0 0 0 0 0 0 0 0 1 0 3 7 0 0 2 0 0 1 4 57 21 0 27 0
2 0 6 0 0 0 5 1 0 0 0 1 6 8 3 0 10 4 0 0 0 2 82 0 0 0
0 5 0 0 1 0 0 0 0 1 1 0 0 0 0 0 0 2 0 0 0 0 0 1 0 2
2 0 3 0 3 6 0 4 0 0 27 1 7 12 0 0 7 0 0 4 10 70 18 22 42 0
0 2 0 0 1 0 0 0 0 0 0 0 0 0 0 0 4 0 1 0 0 0 0 0 0 21
