139 3 0 12 0 2 6 14 8 21 0 6 15 11 26 4 21 4 13 0 2 0 2 18 13 16
0 101 1 22 9 14 13 20 5 9 7 5 2 5 26 6 17 43 55 7 1 7 6 12 0 14
0 0 79 0 49 3 67 3 0 0 30 4 0 0 3 1 1 0 2 0 3 0 0 2 0 5
0 5 0 37 0 0 1 6 0 0 0 0 0 0 1 0 1 5 0 0 0 0 0 0 0 0
1 0 1 0 17 0 3 0 0 0 2 1 0 0 0 0 1 0 3 0 0 0 0 4 0 7
0 0 7 0 2 25 0 0 0 0 0 0 0 1 0 0 0 0 4 6 2 0 0 1 1 0
0 0 7 0 4 0 10 0 0 0 12 3 0 0 1 1 2 0 0 0 0 0 0 0 0 0
0 0 0 0 0 0 0 0 0 0 0 0 0 0 0 0 0 0 0 0 0 0 0 0 0 0
0 1 0 10 0 1 0 0 76 10 0 0 0 0 0 0 0 3 2 10 0 0 0 4 0 0
0 1 0 7 1 0 0 0 9 104 0 4 0 0 8 0 0 0 7 0 0 0 0 0 0 0
0 0 2 0 0 0 0 0 0 0 2 0 0 0 0 0 0 4 0 0 3 0 0 0 0 0
1 16 3 11 10 0 11 12 10 1 16 120 2 0 4 0 15 24 14 0 5 0 0 25 0 3
2 8 1 3 0 0 5 5 0 0 4 2 103 6 1 0 0 8 0 0 9 5 12 0 1 0
0 0 0 0 0 0 0 8 0 0 0 0 0 36 3 0 1 0 0 0 0 0 0 0 0 0
0 0 0 0 0 0 0 1 0 0 0 0 0 0 1 0 0 0 0 0 0 0 0 0 0 0
0 13 1 33 8 103 5 20 21 7 1 0 0 23 56 134 0 7 7 23 0 3 0 14 4 0
0 1 1 0 8 0 8 2 0 0 10 2 0 0 2 1 69 1 4 0 1 0 0 0 8 0
0 0 0 0 0 0 2 0 0 0 4 1 0 0 3 0 0 49 0 0 0 0 0 0 0 0
1 3 0 0 0 0 2 0 1 0 0 0 0 0 0 0 1 0 2 0 0 0 0 0 0 2
0 3 0 1 2 26 0 5 7 0 4 0 0 3 0 2 0 0 8 83 2 0 0 6 21 0
0 3 4 3 3 0 9 15 0 0 4 2 7 0 23 0 13 0 10 8 91 1 1 9 1 0
0 0 2 2 1 3 1 1 0 0 0 0 0 7 1 1 5 0 1 10 15 116 3 1 64 0
7 4 4 9 0 7 5 12 0 0 8 1 15 70 10 5 2 8 0 4 22 33 139 2 13 0
0 0 0 0 0 0 0 0 0 0 0 0 0 0 0 0 0 0 0 0 0 0 0 1 0 0
0 0 0 0 0 0 0 0 2 0 0 1 0 0 0 1 1 0 0 2 2 0 0 2 37 0
0 7 0 5 41 1 0 15 0 0 25 2 0 0 1 0 7 1 20 8 0 0 0 47 0 108
