125 0 0 2 0 0 2 0 0 0 0 8 1 0 0 0 0 0 4 0 0 0 0 0 0 0
0 16 0 1 0 0 1 1 1 1 0 0 1 0 1 0 0 0 4 0 0 0 1 1 0 0
0 0 75 0 27 0 11 1 0 0 33 6 0 0 0 0 0 0 1 0 33 0 0 17 0 0
0 1 1 67 0 0 0 4 0 0 0 0 0 3 5 0 0 1 1 0 0 0 0 1 0 0
0 2 2 0 84 0 0 1 0 0 29 7 0 0 0 0 5 0 3 5 0 0 0 45 0 18
0 0 0 0 0 1 0 0 0 0 0 0 0 0 0 0 0 0 0 0 0 0 0 0 0 0
0 0 0 0 0 0 0 0 0 0 0 0 0 0 0 0 0 0 0 0 0 0 0 0 0 0
0 0 0 0 0 0 0 0 0 0 0 0 0 0 0 0 0 0 0 0 0 0 0 0 0 0
0 0 0 0 0 0 0 0 86 19 0 2 0 0 0 0 0 0 1 2 0 0 0 2 0 0
0 0 0 0 0 0 0 0 1 101 0 0 0 0 0 0 0 0 0 0 0 0 0 0 0 0
0 0 0 0 0 0 0 0 0 0 0 0 0 0 0 0 0 0 0 0 0 0 0 0 0 0
0 0 0 0 0 0 0 0 0 0 0 104 0 0 0 0 0 0 0 0 0 0 0 0 0 0
2 0 0 5 0 0 1 24 0 0 7 0 135 66 5 0 0 4 0 0 11 2 18 0 0 0
0 0 0 0 0 0 0 1 0 0 1 0 0 31 0 0 0 0 0 0 0 0 0 0 0 0
0 0 0 0 0 0 0 0 0 0 0 0 0 0 0 0 0 0 0 0 0 0 0 0 0 0
0 37 0 50 0 111 3 2 6 11 1 0 0 17 5 139 0 20 6 15 0 8 0 3 3 3
18 92 34 30 42 18 130 103 41 19 56 27 1 22 151 15 148 130 63 16 35 17 9 49 31 19
0 1 0 0 0 0 0 0 0 0 0 0 0 0 0 0 0 2 0 0 0 0 0 0 0 0
0 17 0 0 0 0 0 0 2 1 0 0 0 0 0 0 0 0 41 0 0 0 0 8 0 2
0 0 1 0 0 49 0 0 0 0 0 0 0 0 0 1 0 0 0 103 1 30 0 2 22 0
0 0 0 0 0 0 0 0 0 0 0 0 0 0 0 0 0 0 0 0 71 0 0 0 0 0
0 0 0 0 0 0 0 0 0 0 0 0 0 0 0 0 0 0 0 1 1 80 0 0 3 0
1 0 0 0 0 3 0 2 0 0 1 0 6 23 3 0 0 0 0 0 6 10 135 0 0 0
0 0 0 0 0 0 0 0 0 0 0 0 0 0 0 0 0 0 0 0 0 0 0 0 0 0
5 0 0 0 0 0 0 0 2 0 1 0 0 0 0 1 0 0 0 16 0 18 0 1 104 0
0 3 0 0 2 3 0 0 0 0 0 0 0 0 0 0 4 0 28 3 0 0 0 19 0 113
