126 7 0 13 3 2 14 13 3 7 1 10 1 4 4 0 18 10 11 0 0 1 3 38 0 8
0 19 0 0 0 0 2 1 0 0 0 0 0 0 0 0 1 3 0 0 0 1 0 0 0 0
0 0 83 0 16 0 57 3 0 0 37 2 0 2 14 0 2 0 1 0 3 0 0 0 0 1
0 3 0 97 0 0 0 17 0 4 0 0 0 13 35 0 7 4 2 0 1 0 0 0 0 0
0 4 10 0 83 0 17 0 0 0 24 3 0 0 0 1 9 3 2 4 2 2 0 8 0 3
0 1 1 0 2 85 0 3 0 0 0 0 0 0 0 1 0 0 2 7 0 5 0 1 3 1
0 0 3 0 0 1 6 0 0 0 0 2 0 0 0 0 1 0 0 0 0 0 0 0 0 0
0 0 0 0 0 0 0 3 0 0 0 0 0 0 0 0 0 0 0 0 0 0 0 0 0 0
0 0 0 0 0 1 0 0 97 3 0 0 0 0 1 0 0 0 0 0 0 0 0 3 0 0
0 0 0 4 0 1 1 0 12 116 0 0 0 0 9 0 0 0 2 1 0 0 0 0 0 0
0 2 1 0 1 0 1 1 0 0 10 0 0 0 0 1 0 1 0 0 3 0 0 0 0 0
2 0 1 1 1 0 7 2 3 1 2 124 0 1 0 1 6 2 0 0 3 0 0 5 0 0
5 9 4 7 1 0 2 31 0 1 22 1 137 69 10 0 3 13 0 1 16 5 44 1 1 0
0 0 0 0 0 0 0 10 0 0 0 0 1 42 0 0 0 0 0 0 0 0 1 0 0 0
0 0 0 0 0 0 0 4 0 0 0 0 0 0 14 0 2 0 0 0 2 0 0 0 0 0
0 67 1 22 1 75 3 14 8 8 1 0 0 8 72 145 5 8 6 8 0 14 3 3 2 0
0 1 0 0 7 0 9 2 1 0 1 1 0 0 1 1 83 0 0 0 0 3 0 0 9 0
0 12 1 0 6 1 15 7 0 0 8 2 1 0 0 1 6 107 5 0 0 1 0 1 0 0
11 31 1 2 11 9 7 0 10 10 1 5 0 0 0 0 9 0 65 3 1 2 0 11 2 19
0 0 0 0 2 6 0 0 0 0 0 0 0 3 0 0 0 0 0 117 1 0 0 2 7 0
0 0 4 0 2 1 2 18 0 1 6 0 0 3 6 0 0 0 0 3 126 1 0 6 2 0
0 0 1 0 0 0 0 0 0 0 1 0 0 0 0 0 0 0 0 1 0 93 0 0 9 0
0 0 2 0 0 1 3 2 0 0 0 0 4 10 4 0 1 1 0 0 0 3 112 0 0 0
0 7 0 4 4 1 0 6 0 0 14 0 0 0 0 0 0 2 4 0 0 0 0 23 0 0
7 1 0 0 0 1 0 2 5 0 1 4 0 7 0 5 1 3 6 7 0 34 0 10 128 0
0 5 0 5 15 0 2 0 0 1 0 0 0 0 0 0 3 0 46 9 0 0 0 36 0 123
