28 0 0 0 0 0 0 0 0 0 0 0 6 0 0 0 0 0 0 0 0 0 0 4 0 0
0 4 1 0 0 5 0 6 1 0 2 0 7 3 0 0 4 8 0 1 1 1 1 2 3 0
0 0 7 0 0 0 0 0 0 0 0 0 0 0 0 0 0 0 0 0 1 0 0 0 0 0
0 0 0 44 0 0 2 15 0 3 0 5 12 4 27 0 10 2 4 0 0 0 0 1 0 0
5 2 68 1 35 0 37 10 3 2 37 15 4 1 4 0 9 2 8 6 12 0 0 22 0 3
0 0 0 0 0 18 0 0 0 0 19 2 0 0 0 0 0 5 0 0 0 0 0 0 0 0
0 0 0 0 0 0 0 0 0 0 0 0 0 0 0 0 0 0 0 0 0 0 0 0 0 0
0 0 0 0 0 0 0 0 0 0 0 0 0 0 0 0 0 0 0 0 0 0 0 0 0 0
4 0 0 1 0 1 0 2 29 1 2 0 7 4 1 0 4 1 0 0 0 0 0 0 0 0
48 19 0 36 8 1 5 18 25 112 5 7 4 0 8 0 17 19 22 0 0 0 0 14 0 6
0 0 0 0 1 0 2 0 0 0 0 0 0 0 0 0 0 0 0 0 0 0 0 0 0 0
3 0 0 1 2 0 2 1 6 0 1 94 1 0 0 0 2 10 0 0 0 0 0 1 0 0
0 0 0 0 0 0 1 0 0 0 0 0 10 1 3 0 0 0 1 0 3 0 2 0 1 0
0 0 6 8 0 0 7 40 4 2 9 2 35 54 44 0 12 1 1 0 38 3 2 6 0 0
0 0 0 0 0 0 0 0 0 0 0 0 0 0 0 0 0 0 0 0 0 0 0 0 0 0
47 82 4 53 10 147 24 21 28 21 8 5 6 31 55 154 51 89 26 55 0 10 10 26 26 4
1 0 0 0 0 0 0 0 0 0 0 1 0 0 1 0 0 0 0 0 0 0 0 0 1 0
0 0 0 0 0 0 0 0 0 0 0 0 0 0 0 0 0 0 0 0 0 0 0 0 0 0
0 0 0 0 0 0 0 0 0 0 0 0 0 0 0 0 0 0 0 0 0 0 0 0 0 0
0 0 0 0 0 0 0 0 1 0 0 0 0 0 0 0 0 0 0 8 0 0 0 0 0 0
0 0 3 1 0 0 3 0 1 0 3 0 20 0 5 0 9 0 0 0 54 0 0 3 1 0
1 0 2 0 0 6 1 0 22 0 2 0 1 22 2 0 7 0 3 47 14 115 76 5 61 0
8 0 4 3 0 1 0 3 1 0 10 0 28 34 3 0 0 0 1 5 21 14 61 4 28 0
0 0 0 0 0 0 0 1 0 0 0 1 0 0 0 0 1 0 0 0 1 0 0 1 0 0
0 0 0 0 0 1 0 0 7 0 0 0 1 1 0 0 7 0 0 24 7 14 2 3 35 0
6 62 18 7 99 5 64 22 11 11 31 22 2 7 17 2 24 20 86 15 6 8 9 56 7 142
