127 0 0 4 0 1 5 5 3 5 0 1 3 3 2 0 8 1 6 0 0 2 1 0 2 5
0 101 0 2 14 6 13 4 3 2 2 1 0 0 0 3 17 2 14 1 0 2 0 3 0 0
0 0 78 0 22 0 28 0 0 0 0 1 0 0 0 0 0 0 0 0 2 0 0 0 0 0
0 1 0 80 0 0 0 9 0 5 0 0 0 7 14 0 3 1 0 0 0 1 0 3 0 0
0 0 0 0 1 0 0 0 0 0 0 0 0 0 0 0 0 0 0 0 0 0 0 0 0 0
0 0 7 0 4 84 0 0 0 0 0 0 0 0 0 2 0 0 3 24 1 0 0 0 3 0
0 0 11 0 16 0 59 3 0 0 3 5 0 0 12 4 35 0 1 4 0 2 0 0 0 0
0 0 0 0 0 0 0 0 0 0 0 0 0 0 0 0 0 0 0 0 0 0 0 0 0 0
0 0 0 0 5 1 0 0 112 10 0 1 0 0 0 0 1 0 5 0 0 0 0 30 0 0
0 0 0 0 0 0 0 0 2 112 0 1 0 0 1 0 0 0 0 0 0 0 0 0 0 0
0 0 7 0 3 0 0 0 0 0 59 0 0 2 0 0 0 1 0 1 2 0 0 0 0 0
0 0 0 1 0 0 1 0 1 0 0 127 0 0 0 0 4 0 2 0 0 0 0 3 0 1
7 0 3 3 0 0 3 20 0 1 9 1 136 72 9 0 3 4 1 0 16 3 19 0 1 0
0 0 0 0 0 0 0 15 0 0 0 0 0 11 0 0 0 0 0 0 0 0 0 0 0 0
0 0 0 0 0 0 0 0 0 0 0 0 0 0 0 0 0 0 0 0 0 0 0 0 0 0
0 19 1 25 1 77 3 2 4 7 1 0 0 29 9 141 0 2 5 2 0 5 0 2 5 1
0 0 0 0 1 0 4 0 0 0 0 0 0 0 1 0 41 0 0 0 0 0 0 0 0 0
3 46 0 40 27 2 25 66 2 0 30 5 2 15 111 1 21 143 17 3 0 4 4 21 0 1
5 1 4 0 25 4 4 0 8 10 0 5 0 0 0 0 8 0 41 3 0 0 0 21 4 12
0 0 0 0 0 1 0 0 0 0 0 0 0 0 0 0 0 0 0 46 0 0 0 0 8 0
2 0 0 0 5 0 1 12 0 0 21 1 0 8 8 0 1 0 0 4 125 1 1 9 2 0
1 0 1 0 0 0 0 0 0 0 3 0 0 5 1 0 6 0 3 24 10 139 3 0 55 0
0 0 0 0 0 2 1 0 0 0 0 0 3 5 2 0 2 0 0 0 0 1 134 0 0 0
0 0 0 0 1 0 0 0 1 0 0 0 0 0 0 0 0 1 0 0 0 0 0 32 0 0
6 1 1 0 3 6 1 3 3 0 1 4 0 5 0 5 5 2 6 44 2 5 1 13 83 0
0 0 0 0 27 1 0 0 0 0 0 1 0 0 0 0 2 0 48 5 0 0 0 11 0 135
