1 0 1 2 0 5 0 20 0 0 36 0 84 23 0 7 0 5 1 1 15 5 10 4 1 0
0 0 0 0 0 0 0 0 0 0 0 16 0 0 0 0 0 0 0 0 0 0 0 0 0 0
0 0 1 0 0 0 0 0 0 0 0 34 0 0 0 0 1 0 0 0 2 0 0 0 1 0
0 0 0 0 0 0 0 0 0 0 0 0 0 0 0 0 0 0 0 0 0 0 0 0 0 0
0 0 0 0 0 0 0 0 0 0 0 0 0 0 0 0 0 0 0 0 0 0 0 0 0 0
0 0 5 0 8 12 1 0 1 2 11 1 2 1 0 0 0 0 1 0 0 12 0 0 1 0
0 0 0 0 0 0 0 3 0 0 0 0 0 0 0 0 0 0 0 0 0 0 0 0 0 0
0 4 16 0 15 14 8 2 3 5 1 1 0 2 19 7 15 0 8 4 2 5 0 11 0 7
0 0 3 0 0 0 0 1 0 0 0 0 1 1 1 0 0 1 0 0 1 3 0 0 0 0
0 0 0 2 0 0 0 6 0 0 0 2 14 18 0 0 0 2 0 0 0 0 0 0 0 0
0 0 0 0 0 2 0 0 0 0 0 0 0 0 0 12 0 3 0 0 0 0 0 0 0 0
0 0 0 0 0 0 4 1 0 0 0 5 0 0 0 0 0 0 0 0 28 0 0 0 0 0
11 0 1 0 0 31 0 2 2 3 18 1 2 46 0 0 0 0 0 48 14 75 78 13 57 0
0 9 45 18 41 34 31 10 0 0 10 1 0 0 23 30 0 4 11 56 40 5 0 17 29 15
40 36 21 18 37 21 41 27 47 32 16 25 2 10 40 21 42 23 58 31 20 32 8 33 51 40
35 24 9 12 12 1 43 24 1 9 9 9 20 30 41 6 65 15 29 7 30 10 16 19 13 5
1 0 0 5 1 1 0 11 1 1 0 2 1 12 7 0 5 0 5 2 0 0 1 11 4 5
0 0 0 0 0 0 0 0 0 0 0 0 0 0 0 0 0 0 0 0 0 0 0 0 0 0
13 0 0 17 6 9 1 1 17 65 1 18 2 2 6 6 4 2 14 3 0 0 0 10 0 8
0 0 1 0 1 0 0 0 0 0 0 0 0 0 0 6 3 0 0 0 0 1 0 0 3 0
47 2 2 6 2 1 5 10 52 27 12 32 6 2 2 0 0 7 3 1 6 6 2 18 1 6
1 0 0 0 0 0 0 0 0 0 0 0 6 0 0 0 0 0 0 0 0 0 0 0 0 0
2 0 0 0 0 1 0 0 0 0 0 0 0 1 0 0 0 0 0 0 0 3 34 0 1 0
0 2 7 3 2 2 8 2 0 1 4 3 4 9 11 2 6 31 0 1 0 7 9 3 1 0
0 56 1 40 17 16 3 18 3 3 11 4 0 5 19 22 15 47 16 4 0 1 5 1 0 9
0 36 0 32 13 35 3 1 12 4 0 0 0 0 1 37 1 17 6 3 0 0 0 8 0 60
