126 0 0 2 0 0 0 0 0 0 0 3 3 0 0 0 0 0 1 0 0 0 0 0 0 0
4 73 0 0 16 8 6 0 6 10 0 0 0 0 0 2 4 0 45 5 0 0 0 9 0 6
0 0 66 0 33 0 23 0 0 0 0 1 0 0 0 0 0 0 0 0 0 0 0 0 0 0
6 4 1 89 0 0 0 19 0 7 1 2 2 11 34 0 8 9 5 1 0 2 1 12 2 0
0 0 0 0 0 0 0 0 0 0 0 0 0 0 0 0 0 0 0 0 0 0 0 0 0 0
0 0 0 0 0 0 0 0 0 0 0 0 0 0 0 0 0 0 0 0 0 0 0 0 0 0
0 0 0 0 0 0 0 0 0 0 0 0 0 0 0 0 0 0 0 0 0 0 0 0 0 0
0 0 0 0 0 0 0 12 0 0 0 0 0 0 0 0 0 0 0 0 0 0 0 0 0 0
0 0 1 0 16 0 0 0 41 3 0 2 0 0 0 0 0 0 4 0 0 0 0 5 0 1
0 0 0 1 0 0 0 0 68 118 0 0 0 0 0 0 0 0 0 0 0 0 0 0 0 0
6 58 31 20 65 7 111 63 6 0 109 23 3 12 59 5 99 138 16 8 6 9 12 56 4 7
0 0 0 0 0 0 0 0 0 0 0 119 0 0 0 0 0 0 3 0 0 0 0 0 0 0
0 0 0 0 0 0 0 0 0 0 0 0 114 0 1 0 0 0 0 0 0 0 1 0 0 0
0 0 0 0 0 0 0 1 0 0 0 0 4 47 0 0 0 0 0 0 0 0 0 0 0 0
0 0 0 0 0 0 0 0 0 0 0 0 0 0 0 0 0 0 0 0 0 0 0 0 0 0
1 33 1 40 0 110 4 23 10 11 0 0 0 25 44 144 0 10 4 10 0 0 0 2 8 3
0 0 0 0 0 0 1 0 0 0 0 4 0 0 0 0 28 0 1 0 0 0 0 0 0 0
0 0 0 0 0 0 0 0 0 0 0 0 0 0 0 0 0 0 0 0 0 0 0 0 0 0
0 0 0 0 0 0 0 0 0 0 0 0 0 0 0 0 0 0 1 0 0 0 0 0 0 0
0 0 1 0 10 10 0 0 6 0 2 0 0 0 0 0 0 0 15 64 0 0 0 28 24 2
0 0 8 3 0 0 2 9 0 0 9 0 3 2 10 0 1 0 0 3 133 0 0 2 0 0
8 1 4 0 1 50 1 12 1 2 8 0 2 45 18 5 12 0 10 64 18 153 50 9 92 0
0 0 0 0 0 0 0 0 0 0 0 0 13 20 4 0 2 0 0 0 1 1 99 0 0 0
0 0 0 0 0 0 0 0 0 0 0 0 0 0 0 0 0 0 0 0 0 0 0 0 0 0
0 0 0 0 0 0 0 0 0 0 0 0 0 0 0 0 0 0 0 2 0 0 0 1 32 0
0 0 0 0 14 0 0 0 1 1 0 0 0 0 0 0 3 0 47 4 0 0 0 24 1 136
